Link Result:
-----------------------------------------------------------------------
| ID |  SN  |  EN  |  Scaled Flow Rate  |   Flow Rate  |    Velocity  |
|  - |   -  |   -  |                 -  |       (CMS)  |       (m/s)  |
-----------------------------------------------------------------------
|  1 |   1  |   2  |      5.366e+00     |   5.539e+00  |   1.695e+02  |  
|  2 |   2  |   3  |      5.126e+00     |   5.292e+00  |   4.679e+02  |  
|  3 |   3  |   4  |      1.582e+00     |   1.633e+00  |   4.997e+01  |  
|  4 |   4  |   5  |      1.547e+00     |   1.597e+00  |   4.886e+01  |  
|  5 |   5  |   6  |      1.352e+00     |   1.396e+00  |   4.270e+01  |  
|  6 |   6  |   7  |      1.082e+00     |   1.117e+00  |   3.416e+01  |  
|  7 |   7  |   8  |      7.184e-01     |   7.416e-01  |   2.269e+01  |  
|  8 |   8  |   9  |      5.704e-01     |   5.888e-01  |   1.801e+01  |  
|  9 |   9  |  10  |      4.291e-01     |   4.430e-01  |   1.355e+01  |  
| 10 |  10  |  11  |      5.382e-01     |   5.556e-01  |   1.700e+01  |  
| 11 |  11  |  12  |      4.036e-01     |   4.167e-01  |   1.275e+01  |  
| 12 |  12  |  13  |      2.530e-01     |   2.611e-01  |   7.989e+00  |  
| 13 |  10  |  14  |     -2.504e-01     |  -2.584e-01  |  -7.907e+00  |  
| 14 |  14  |  15  |     -4.159e-01     |  -4.293e-01  |  -1.313e+01  |  
| 15 |  15  |  16  |     -4.912e-01     |  -5.070e-01  |  -1.551e+01  |  
| 16 |  17  |  16  |      1.015e+00     |   1.048e+00  |   3.206e+01  |  
| 17 |  18  |  17  |      1.248e+00     |   1.288e+00  |   3.941e+01  |  
| 18 |  19  |  18  |      1.610e+00     |   1.662e+00  |   5.085e+01  |  
| 19 |   3  |  19  |      1.626e+00     |   1.679e+00  |   5.136e+01  |  
| 20 |   3  |  20  |      1.689e+00     |   1.744e+00  |   5.335e+01  |  
| 21 |  20  |  21  |      3.808e-01     |   3.931e-01  |   1.203e+01  |  
| 22 |  21  |  22  |      1.305e-01     |   1.347e-01  |   4.122e+00  |  
| 23 |  20  |  23  |      9.654e-01     |   9.966e-01  |   3.049e+01  |  
| 24 |  23  |  24  |      4.047e-01     |   4.178e-01  |   1.278e+01  |  
| 25 |  24  |  25  |      1.841e-01     |   1.900e-01  |   5.814e+00  |  
| 26 |  26  |  25  |      9.886e-02     |   1.021e-01  |   3.122e+00  |  
| 27 |  27  |  26  |      3.411e-01     |   3.521e-01  |   1.077e+01  |  
| 28 |  16  |  27  |      4.406e-01     |   4.548e-01  |   1.392e+01  |  
| 29 |  23  |  28  |      2.795e-01     |   2.885e-01  |   8.826e+00  |  
| 30 |  28  |  29  |      2.014e-01     |   2.079e-01  |   6.362e+00  |  
| 31 |  29  |  30  |      1.046e-01     |   1.079e-01  |   3.302e+00  |  
| 32 |  30  |  31  |      7.681e-03     |   7.928e-03  |   7.789e+00  |  
| 33 |  32  |  31  |      2.057e-02     |   2.124e-02  |   6.498e-01  |  
| 34 |  25  |  32  |      2.372e-01     |   2.448e-01  |   7.491e+00  |  
-----------------------------------------------------------------------


