
=====================
|Network Information|
=====================
-------------------------------
Input filename: ../WDSnetwork/hanoi.inp
Number of Pipes:34
Number of Nodes:31
Number of Sources:1
Unit:SI
Flow Unit:CHM
Pressure Unit:m
Headloss Model:HW


==================
|Node Information|
==================
------------------------------------------
| ID |  Elevation Head  |  Nodal Demand  |
------------------------------------------
|  2 |     0.000e+00    |    8.900e+02   |
|  3 |     0.000e+00    |    8.500e+02   |
|  4 |     0.000e+00    |    1.300e+02   |
|  5 |     0.000e+00    |    7.250e+02   |
|  6 |     0.000e+00    |    1.005e+03   |
|  7 |     0.000e+00    |    1.350e+03   |
|  8 |     0.000e+00    |    5.500e+02   |
|  9 |     0.000e+00    |    5.250e+02   |
| 10 |     0.000e+00    |    5.250e+02   |
| 11 |     0.000e+00    |    5.000e+02   |
| 12 |     0.000e+00    |    5.600e+02   |
| 13 |     0.000e+00    |    9.400e+02   |
| 14 |     0.000e+00    |    6.150e+02   |
| 15 |     0.000e+00    |    2.800e+02   |
| 16 |     0.000e+00    |    3.100e+02   |
| 17 |     0.000e+00    |    8.650e+02   |
| 18 |     0.000e+00    |    1.345e+03   |
| 19 |     0.000e+00    |    6.000e+01   |
| 20 |     0.000e+00    |    1.275e+03   |
| 21 |     0.000e+00    |    9.300e+02   |
| 22 |     0.000e+00    |    4.850e+02   |
| 23 |     0.000e+00    |    1.045e+03   |
| 24 |     0.000e+00    |    8.200e+02   |
| 25 |     0.000e+00    |    1.700e+02   |
| 26 |     0.000e+00    |    9.000e+02   |
| 27 |     0.000e+00    |    3.700e+02   |
| 28 |     0.000e+00    |    2.900e+02   |
| 29 |     0.000e+00    |    3.600e+02   |
| 30 |     0.000e+00    |    3.600e+02   |
| 31 |     0.000e+00    |    1.050e+02   |
| 32 |     0.000e+00    |    8.050e+02   |
------------------------------------------


====================
|Source Information|
====================
-------------------------
| ID |  Elevation Head  |
-------------------------
|  1 |       1.000e+02  |
-------------------------



==================
|Link Information|
==================
-----------------------------------------------------------------
| ID |  SN  |  EN  |    Length    |    Diameter  |   Roughness  |
-----------------------------------------------------------------
|  1 |   1  |   2  |   1.000e+02  |   2.040e-01  |   1.300e+02  |
|  2 |   2  |   3  |   1.350e+03  |   1.200e-01  |   1.300e+02  |
|  3 |   3  |   4  |   9.000e+02  |   2.040e-01  |   1.300e+02  |
|  4 |   4  |   5  |   1.150e+03  |   2.040e-01  |   1.300e+02  |
|  5 |   5  |   6  |   1.450e+03  |   2.040e-01  |   1.300e+02  |
|  6 |   6  |   7  |   4.500e+02  |   2.040e-01  |   1.300e+02  |
|  7 |   7  |   8  |   8.500e+02  |   2.040e-01  |   1.300e+02  |
|  8 |   8  |   9  |   8.500e+02  |   2.040e-01  |   1.300e+02  |
|  9 |   9  |  10  |   8.000e+02  |   2.040e-01  |   1.300e+02  |
| 10 |  10  |  11  |   9.500e+02  |   2.040e-01  |   1.300e+02  |
| 11 |  11  |  12  |   1.200e+03  |   2.040e-01  |   1.300e+02  |
| 12 |  12  |  13  |   3.500e+03  |   2.040e-01  |   1.300e+02  |
| 13 |  10  |  14  |   8.000e+02  |   2.040e-01  |   1.300e+02  |
| 14 |  14  |  15  |   5.000e+02  |   2.040e-01  |   1.300e+02  |
| 15 |  15  |  16  |   5.500e+02  |   2.040e-01  |   1.300e+02  |
| 16 |  17  |  16  |   2.730e+03  |   2.040e-01  |   1.300e+02  |
| 17 |  18  |  17  |   1.750e+03  |   2.040e-01  |   1.300e+02  |
| 18 |  19  |  18  |   8.000e+02  |   2.040e-01  |   1.300e+02  |
| 19 |   3  |  19  |   4.000e+02  |   2.040e-01  |   1.300e+02  |
| 20 |   3  |  20  |   2.200e+03  |   2.040e-01  |   1.300e+02  |
| 21 |  20  |  21  |   1.500e+03  |   2.040e-01  |   1.300e+02  |
| 22 |  21  |  22  |   5.000e+02  |   2.040e-01  |   1.300e+02  |
| 23 |  20  |  23  |   2.650e+03  |   2.040e-01  |   1.300e+02  |
| 24 |  23  |  24  |   1.230e+03  |   2.040e-01  |   1.300e+02  |
| 25 |  24  |  25  |   1.300e+03  |   2.040e-01  |   1.300e+02  |
| 26 |  26  |  25  |   8.500e+02  |   2.040e-01  |   1.300e+02  |
| 27 |  27  |  26  |   3.000e+02  |   2.040e-01  |   1.300e+02  |
| 28 |  16  |  27  |   7.500e+02  |   2.040e-01  |   1.300e+02  |
| 29 |  23  |  28  |   1.500e+03  |   2.040e-01  |   1.300e+02  |
| 30 |  28  |  29  |   2.000e+03  |   2.040e-01  |   1.300e+02  |
| 31 |  29  |  30  |   1.600e+03  |   2.040e-01  |   1.300e+02  |
| 32 |  30  |  31  |   1.500e+02  |   3.600e-02  |   1.300e+02  |
| 33 |  32  |  31  |   8.600e+02  |   2.040e-01  |   1.300e+02  |
| 34 |  25  |  32  |   9.500e+02  |   2.040e-01  |   1.300e+02  |
-----------------------------------------------------------------

