Final Nodal Head
-------------------------------------------
| ID |  Scaled Nodal Head  |  Nodal Head  |
-------------------------------------------
|  2 |      -7.021e+01     |  -7.021e+03  |
|  3 |      -1.178e+04     |  -1.178e+06  |
|  4 |      -1.185e+04     |  -1.185e+06  |
|  5 |      -1.193e+04     |  -1.193e+06  |
|  6 |      -1.201e+04     |  -1.201e+06  |
|  7 |      -1.202e+04     |  -1.202e+06  |
|  8 |      -1.204e+04     |  -1.204e+06  |
|  9 |      -1.205e+04     |  -1.205e+06  |
| 10 |      -1.205e+04     |  -1.205e+06  |
| 11 |      -1.206e+04     |  -1.206e+06  |
| 12 |      -1.207e+04     |  -1.207e+06  |
| 13 |      -1.208e+04     |  -1.208e+06  |
| 14 |      -1.205e+04     |  -1.205e+06  |
| 15 |      -1.205e+04     |  -1.205e+06  |
| 16 |      -1.204e+04     |  -1.204e+06  |
| 17 |      -1.195e+04     |  -1.195e+06  |
| 18 |      -1.187e+04     |  -1.187e+06  |
| 19 |      -1.181e+04     |  -1.181e+06  |
| 20 |      -1.196e+04     |  -1.196e+06  |
| 21 |      -1.197e+04     |  -1.197e+06  |
| 22 |      -1.197e+04     |  -1.197e+06  |
| 23 |      -1.204e+04     |  -1.204e+06  |
| 24 |      -1.205e+04     |  -1.205e+06  |
| 25 |      -1.205e+04     |  -1.205e+06  |
| 26 |      -1.205e+04     |  -1.205e+06  |
| 27 |      -1.205e+04     |  -1.205e+06  |
| 28 |      -1.205e+04     |  -1.205e+06  |
| 29 |      -1.205e+04     |  -1.205e+06  |
| 30 |      -1.205e+04     |  -1.205e+06  |
| 31 |      -1.205e+04     |  -1.205e+06  |
| 32 |      -1.205e+04     |  -1.205e+06  |
-------------------------------------------


